280 305
357 524
271 293
297 93
350 503
531 11
517 144
204 101
11 92
181 249
357 514
562 309
525 570
41 282
476 279
496 293
120 418
125 419
418 161
559 218
180 195
530 435
255 545
364 557
222 408
398 23
107 96
266 118
332 578
581 378
517 230
246 426
69 22
391 385
574 149
34 458
587 140
385 372
109 501
480 550
298 254
470 316
188 175
207 320
234 310
531 267
137 510
376 245
326 503
117 492
231 273
254 462
250 49
212 489
117 295
23 164
321 411
496 501
517 126
246 64
410 54
582 441
120 495
206 577
539 502
304 538
117 417
133 584
535 407
420 525
139 371
496 497
148 204
370 392
90 157
417 509
356 272
45 211
559 335
85 41
464 56
217 341
326 95
13 459
568 111
253 214
25 201
536 452
399 245
394 180
228 391
365 568
296 233
232 138
379 50
264 119
482 581
539 279
544 589
406 514
436 556
228 75
188 530
309 545
22 427
404 283
160 14
414 303
208 24
552 48
549 350
157 298
492 510
192 547
15 270
219 19
459 518
301 312
254 519
40 144
336 26
400 573
183 84
324 573
78 422
562 296
391 326
160 312
55 217
527 418
497 502
61 552
488 179
264 362
272 542
39 111
449 456
515 52
436 226
262 507
162 493
246 350
17 94
489 497
135 417
556 138
288 153
550 73
116 511
103 148
303 328
259 576
482 416
460 305
104 387
81 291
390 507
264 560
33 351
113 500
307 263
450 549
194 461
109 362
109 23
257 275
420 288
563 226
495 276
225 104
479 128
275 443
148 151
136 464
77 91
240 59
285 553
491 200
508 272
262 395
15 374
217 31
518 59
116 183
330 299
395 462
258 324
197 163
124 564
55 536
589 466
338 543
350 440
242 73
568 56
115 37
367 107
542 209
86 62
162 557
553 153
232 412
575 407
524 27
383 306
318 166
22 121
556 399
508 25
516 478
514 299
403 134
461 272
30 446
12 115
19 101
26 164
564 304
382 413
192 217
574 408
339 515
284 355
536 21
450 343
238 290
518 293
274 410
534 379
340 472
197 248
320 11
438 367
82 283
159 562
178 234
86 167
44 321
190 215
107 368
435 401
173 173
50 455
62 157
301 454
407 309
527 197
97 83
466 97
36 371
184 310
516 223
508 111
124 171
453 425
53 64
264 321
206 269
133 149
372 568
557 463
57 137
288 337
451 523
551 584
170 170
458 449
577 391
272 367
325 144
116 484
54 296
294 576
340 21
443 407
148 490
394 425
403 95
402 83
458 565
85 219
365 178
298 318
265 537
323 65
413 416
494 193
66 440
40 421
583 307
493 395
354 180
376 198
507 40
12 360
300 193
457 464
456 319
402 216
73 188
577 587
170 380
195 63
136 531
125 553
541 120
98 19
218 436
559 179
584 404
393 93
182 67
471 394
232 305
194 437
498 376
416 95
247 472
252 381
413 254
450 550
176 423
188 315
382 263
49 272
253 281
167 316
499 88
583 16
300 218
477 236
70 112
120 288
535 388
171 571
347 509
189 31
587 443
302 546
568 124
219 369
409 214
187 202
208 423
545 13
279 539
507 104
428 23
318 487
12 500
495 224
577 90
58 403
417 240
516 478
32 259
536 244
24 278
497 570
462 312
438 554
51 191
400 61
433 224
67 265
481 332
546 178
219 77
232 454
414 154
525 558
301 470
242 485
495 96
131 463
161 266
583 113
165 141
303 278
533 296
325 579
471 433
533 33
260 571
464 550
347 324
163 310
379 107
17 118
380 155
207 572
581 44
176 442
374 268
560 329
584 119
464 63
384 271
533 330
196 256
13 538
55 443
106 210
91 62
158 459
484 415
18 439
142 520
54 130
465 574
392 419
514 224
464 377
176 188
328 415
513 293
324 55
581 489
147 296
382 526
47 327
239 566
511 486
382 214
68 566
274 138
492 162
167 377
447 547
498 145
114 376
352 337
326 219
175 32
521 245
367 524
401 423
340 43
541 306
327 25
16 12
42 292
494 450
28 226
451 503
146 283
66 313
446 587
358 402
251 350
345 587
196 570
108 333
291 442
231 506
401 458
564 478
479 97
32 303
21 201
268 268
548 47
329 184
428 410
252 408
488 103
37 157
334 147
456 533
376 251
53 580
311 268
564 38
119 181
404 52
137 410
39 132
510 380
109 548
184 267
126 106
366 516
456 278
276 67
231 263
500 176
27 534
51 452
333 454
23 582
79 375
404 410
234 578
248 179
135 477
236 546
443 228
512 267
343 217
383 71
