205 550
53 207
125 459
549 259
376 65
28 498
528 90
318 32
384 437
583 356
345 436
587 433
478 184
434 53
105 252
302 309
483 70
335 509
142 388
146 399
145 383
54 344
382 271
56 129
239 314
335 231
209 525
353 109
400 340
349 418
152 61
530 347
389 576
253 342
29 499
368 404
286 245
469 215
553 124
230 181
197 48
519 269
11 23
582 48
269 249
460 180
233 474
276 494
331 167
167 469
567 37
252 233
566 12
214 54
119 135
555 68
473 335
328 504
184 388
566 456
68 303
187 251
338 125
548 257
169 68
80 139
139 83
384 522
313 70
209 80
557 118
456 254
569 494
110 405
578 515
508 297
406 467
531 24
291 563
348 133
30 130
318 476
82 412
356 63
245 150
299 149
82 24
128 368
370 323
399 400
322 66
414 372
409 72
402 222
187 256
253 198
484 391
82 383
537 197
508 109